0 1 800
1 0 800
0 3 300 
3 0 300 
0 4 854
4 0 854
1 2 800
2 1 800
1 4 854
4 1 854
1 2 800
2 1 800
2 4 854
4 2 854
2 5 300
5 2 300
3 4 800
4 3 800
3 6 300
6 3 300
1 3 854 
3 1 854
3 7 854
7 3 854
4 5 800 
5 4 800
4 8 854
8 4 854
4 7 300
7 4 300
4 6 854
6 4 854
5 2 300
2 5 300
5 7 854
7 5 854
5 8 300
8 5 300
6 7 800
7 6 800
7 8 800
8 7 800
0 7 1000
7 0 1000
1 6 1000
6 1 1000
1 8 1000
8 1 1000
2 7 1000
7 2 1000
7 9 700
9 7 700
9 10 800
10 9 800
10 11 300
11 10 300
11 12 300
12 11 300
12 13 400
13 12 400
13 14 360 
14 13 360
14 15 400
15 14 400
15 16 300
16 15 300
16 17 300
17 16 300
17 18 300
18 17 300
18 19 400
19 18 400
19 20 400
20 19 400
20 21 600
21 20 600
21 22 500
22 21 500
22 23 500 
23 22 500
20 24 400
24 20 400
24 25 400
25 24 400
25 26 500
26 25 500
26 27 400
27 26 400
24 28 500
28 24 500
28 29 400
29 28 400
27 29 400
29 27 400
29 30 500
30 29 500
30 31 300
31 30 300
30 37 400
37 30 400 
31 32 400
32 31 400
32 33 400
33 32 400
33 34 200
34 33 200
34 35 400
35 34 400
35 36 300
36 35 300
36 37 200
37 36 200
38 39 300
39 38 300
5 39 400
39 5 400
39 40 300
40 39 300
40 41 500
41 40 500
41 42 900
42 41 900
42 43 200
43 42 200
43 44 400
44 43 400
43 45 500
45 43 500
9 46 800
46 9 800
46 47 400
47 46 400
47 48 500 
48 47 500
48 49 300
49 48 300
49 41 400
41 49 400
48 50 900
50 48 900
50 51 400 
51 50 400
51 52 200
52 51 200
32 50 700
50 32 700
52 34 700
34 52 700