0 300 300
1 1100 300
2 1900 300
3 300 600
4 1100 600
5 1900 600
6 300 900
7 1100 900
8 1900 900
9 1100 1600
10 300 1600
11 300 1900
12 300 2200
13 700 2200
14 900 2500
15 1300 2500
16 1300 2200
17 1600 2200
18 1900 2200
19 1900 2600
20 1900 3000
21 1300 3000
22 800 3000
23 300 3000
24 2300 3000
25 2300 2600
26 2800 2600
27 3200 2600
28 2800 3000
29 3200 3000
30 3700 3000
31 3700 2700
32 3700 2300
33 4100 2300
34 4300 2300
35 4300 2700 
36 4300 3000
37 4100 3000
38 2300 300
39 2300 600 
40 2300 900 
41 2800 900
42 3700 900
43 3700 700 
44 3700 300
45 4200 700  
46 1900 1600
47 2300 1600 
48 2800 1600
49 2800 1300 
50 3700 1600 
51 4100 1600 
52 4300 1600